[id] [storage_id] [product_id] [capacity] [quantity] 
[23] [3901] [68] [160] [0] 
[24] [3901] [103] [100] [0] 
[20] [3900] [10] [100] [21] 
[21] [3900] [11] [150] [0] 
[22] [3900] [67] [200] [0] 
[67] [3900] [178] [200] [0] 
[68] [3900] [191] [250] [0] 
[67] [2981] [178] [200] [0] 
[109] [2981] [191] [250] [0] 
[49] [2980] [103] [300] [4] 
[50] [2979] [191] [110] [0] 
[51] [2979] [10] [270] [0] 
[112] [2979] [11] [50] [0] 
[113] [2979] [12] [120] [0] 
[114] [2979] [67] [90] [0] 
[115] [2979] [68] [170] [0] 
[116] [2979] [103] [200] [0] 
[117] [2979] [178] [120] [0] 
